image_width: 1280
image_height: 720
camera_name: senz3d
camera_matrix:
  rows: 3
  cols: 3
  data: [960.687141, 0, 655.97077, 0, 962.020992, 378.270252, 0, 0, 1]
distortion_model: plumb_bob
distortion_coefficients:
  rows: 1
  cols: 5
  data: [-0.069014, 0.080238, 0.014783, 0.003781, 0]
rectification_matrix:
  rows: 3
  cols: 3
  data: [1, 0, 0, 0, 1, 0, 0, 0, 1]
projection_matrix:
  rows: 3
  cols: 4
  data: [956.651611, 0, 660.313702, 0, 0, 957.350403, 386.966242, 0, 0, 0, 1, 0]